0.587
0.484
0.469
0.466
0.461
0.490
0.465
0.465
0.462
0.465
0.385
0.467
0.459
0.464
0.466
0.466
0.435
0.465
0.467
0.463
0.464
0.467
0.463
0.473
0.465
0.462
0.386
0.462
0.477
0.464
0.464
0.468
0.468
0.476
0.569
0.459
0.395
0.397
0.464
0.460
0.464
0.464
0.460
0.464
0.462
0.464
0.563
0.384
0.582
0.460
0.467
0.567
0.561
0.463
0.570
0.461
0.460
0.568
0.467
0.565
0.461
0.463
0.464
0.568
0.466
0.572
0.471
0.569
0.470
0.461
0.462
0.565
0.459
0.470
0.410
0.459
0.471
0.472
0.566
0.470
0.468
0.565
0.458
0.458
0.566
0.460
0.465
0.480
0.461
0.566
0.464
0.458
0.460
0.464
0.567
0.425
0.487
0.471
0.466
0.569
0.486
0.464
0.464
0.457
0.459
0.461
0.467
0.451
0.463
0.463
0.565
0.572
0.472
0.466
0.461
0.462
0.470
0.459
0.565
0.465
0.458
0.457
0.460
0.464
0.470
0.394
0.462
0.462
0.460
0.460
0.564
0.573
0.466
0.456
0.465
0.459
0.457
0.457
0.457
0.460
0.463
0.461
0.461
0.461
0.570
0.462
0.467
0.470
0.390
0.473
0.463
0.473
0.457
0.462
0.470
0.460
0.467
0.564
0.571
0.462
0.470
0.469
0.460
0.463
0.462
0.566
0.460
0.564
0.565
0.563
0.457
0.469
0.465
0.468
0.564
0.456
0.570
0.566
0.455
0.458
0.567
0.461
0.458
0.461
0.458
0.461
0.457
0.466
0.459
0.460
0.565
0.567
0.571
0.472
0.459
0.567
0.567
0.464
0.466
0.564
0.462
0.462
0.462
0.468
0.575
0.467
0.467
0.469
0.466
0.461
0.569
0.483
0.569
0.459
0.460
0.567
0.459
0.565
0.571
0.566
0.461
0.462
0.474
0.488
0.483
0.456
0.472
0.459
0.457
0.444
0.460
0.448
0.456
0.387
0.471
0.456
0.585
0.564
0.458
0.558
0.461
0.566
0.460
0.564
0.456
0.455
0.567
0.565
0.456
0.573
0.459
0.462
0.567
0.464
0.460
0.457
0.579
0.457
0.564
0.478
0.458
0.457
0.349
0.456
0.465
0.454
0.462
0.457
0.461
0.470
0.448
0.448
0.474
0.456
0.460
0.462
0.458
0.458
0.564
0.461
0.461
0.457
0.455
0.455
0.536
0.462
0.457
0.452
0.479
0.458
0.565
0.457
0.457
0.458
0.457
0.458
0.459
0.452
0.482
0.349
0.458
0.465
0.455
0.456
0.462
0.462
0.459
0.564
0.455
0.454
0.567
0.457
0.457
0.572
0.456
0.565
0.467
0.455
0.455
0.385
0.458
0.461
0.569
0.570
0.460
0.453
0.566
0.576
0.462
0.569
0.564
0.367
0.456
1.98
0.544
0.449
0.530
0.523
0.608
0.469
0.482
0.523
0.517
0.568
0.463
0.462
0.459
0.460
0.456
0.565
0.463
0.458
0.453
0.460
0.457
0.459
0.452
0.457
0.468
0.380
0.343
0.454
0.456
0.459
0.456
0.457
0.448
0.457
0.459
0.560
0.461
0.344
0.341
0.391
0.457
0.385
0.461
0.566
0.469
0.567
0.467
0.458
0.563
0.568
0.461
0.461
0.454
0.461
0.455
0.565
0.447
0.450
0.476
0.458
0.456
0.563
0.461
0.456
0.458
0.461
0.471
0.462
0.457
0.459
0.390
0.492
0.554
0.577
0.451
0.454
0.467
0.455
0.463
0.566
0.480
0.456
0.472
0.452
0.460
0.387
0.469
0.469
0.464
0.571
0.449
0.460
0.469
0.453
0.456
0.453
0.565
0.571
0.458
0.459
0.453
0.456
0.456
0.452
0.566
0.564
0.467
0.566
0.456
0.467
0.453
0.472
0.455
0.448
0.471
0.456
0.454
0.563
0.467
0.454
0.446
0.564
0.361
0.456
0.459
0.468
0.386
0.388
0.465
0.558
0.474
0.467
0.451
0.620
0.592
0.461
0.469
0.464
0.425
0.612
0.394
0.458
0.460
0.567
0.457
0.564
0.465
0.566
0.468
0.463
0.470
0.465
0.477
0.454
0.384
0.458
0.453
0.569
0.454
0.457
0.464
0.455
0.472
0.457
0.572
0.568
0.458
0.452
0.577
0.571
0.546
0.569
0.456
0.462
0.565
0.458
0.467
0.455
0.570
0.455
0.434
0.467
0.382
0.456
0.457
0.449
0.465
0.380
0.463
0.454
0.452
0.461
0.454
0.456
0.464
0.454
0.455
0.454
0.477
0.569
0.467
0.513
0.513
0.393
0.563
0.452
0.453
0.456
0.473
0.452
0.465
0.470
0.447
0.455
0.460
0.455
0.455
0.566
0.458
0.387
0.459
0.458
0.564
0.461
0.454
0.454
0.458
0.570
0.453
0.564
0.589
0.463
0.455
0.565
0.450
0.449
0.563
0.566
0.456
0.452
0.472
0.460
0.464
0.457
0.403
0.447
0.560
0.453
0.460
0.455
0.562
0.383
0.452
0.567
0.478
0.453
0.456
0.448
0.562
0.569
0.454
0.463
0.399
0.459
0.510
0.503
0.573
0.454
0.590
0.459
0.454
0.454
0.455
0.395
0.455
0.455
0.460
0.464
0.456
0.463
0.464
0.466
0.453
0.456
0.462
0.453
0.453
0.452
0.454
0.564
0.569
0.461
0.496
0.454
0.567
0.449
0.451
0.565
0.566
0.393
0.451
0.452
0.453
0.565
0.454
0.453
0.461
0.569
0.454
0.387
0.570
0.461
0.454
0.473
0.565
0.466
0.454
0.471
0.460
0.449
0.569
0.453
0.568
0.463
0.459
0.455
0.472
0.458
0.453
0.383
0.452
0.456
0.456
0.456
0.381
0.458
0.454
0.452
0.462
0.470
0.452
0.466
0.454
0.451
0.566
0.567
0.566
0.452
0.468
0.455
0.566
0.457
0.472
0.455
0.457
0.476
0.565
0.501
0.448
0.456
0.455
0.394
0.450
0.451
0.474
0.458
0.454
0.455
0.350
0.429
0.332
0.444
0.443
0.450
0.388
0.453
0.452
0.564
0.449
0.457
0.463
0.567
0.571
0.589
0.463
0.471
0.462
0.456
0.455
0.369
0.455
0.563
0.463
0.450
0.456
0.572
0.469
0.568
0.575
0.460
0.472
0.449
0.568
0.453
0.453
0.451
0.453
0.449
0.455
0.395
0.455
0.455
0.447
0.454
0.451
0.452
0.453
0.456
0.576
0.508
0.454
0.464
0.339
0.451
0.379
0.446
0.454
0.567
0.455
0.455
0.452
0.566
0.458
0.428
0.573
0.571
0.455
0.448
0.446
0.388
0.569
0.463
0.449
0.454
0.457
0.564
0.451
0.465
0.460
0.386
0.457
0.452
0.451
0.566
0.459
0.455
0.453
0.453
0.458
0.449
0.468
0.460
0.448
0.449
0.567
0.568
0.396
0.448
0.455
0.447
0.566
0.485
0.452
0.450
0.568
0.396
0.451
0.451
0.450
0.565
0.461
0.451
0.460
0.452
0.385
0.455
0.579
0.468
0.452
0.449
0.452
0.449
0.453
0.451
0.451
0.449
0.538
0.571
0.577
0.455
0.455
0.452
0.567
0.447
0.452
0.567
0.454
0.449
0.452
0.450
0.575
0.465
0.466
0.471
0.457
0.446
0.450
0.560
0.393
0.452
0.566
0.463
0.462
0.459
0.452
0.452
0.449
0.455
0.387
0.448
0.457
0.449
0.447
0.449
0.445
0.456
0.452
0.447
0.451
0.450
0.569
0.564
0.470
0.388
0.448
0.448
0.453
0.453
0.446
0.512
0.456
0.458
0.575
0.454
0.464
0.567
0.396
0.462
0.453
0.460
0.458
0.451
0.461
0.447
0.449
0.460
0.450
0.561
0.563
0.453
0.454
0.453
0.565
0.466
0.456
0.455
0.388
0.459
0.457
0.450
0.385
0.463
0.446
0.452
0.449
0.480
0.462
0.452
0.449
0.451
0.568
0.462
0.448
0.453
0.451
0.460
0.458
0.451
0.452
0.388
0.454
0.451
0.449
0.447
0.453
0.469
0.568
0.394
0.451
0.451
0.459
0.566
0.390
0.450
0.456
0.459
0.456
0.455
0.450
0.569
0.454
0.453
0.479
0.456
0.569
0.462
0.457
0.461
0.453
0.570
0.572
0.453
0.447
0.451
0.567
0.573
0.462
0.462
0.455
0.448
0.454
0.449
0.456
0.460
0.480
0.453
0.454
0.460
0.456
0.572
0.566
0.452
0.569
0.466
0.454
0.469
0.456
0.453
0.455
0.565
0.452
0.451
0.453
0.455
0.449
0.566
