0.453
0.387
0.385
0.385
0.359
0.459
0.354
0.358
0.351
0.326
0.326
0.332
0.330
0.335
0.481
0.355
0.351
0.339
0.510
0.478
0.478
0.370
0.382
0.482
0.478
0.458
0.503
0.478
0.475
0.481
0.500
0.476
0.484
0.473
0.387
0.490
0.359
0.355
0.375
0.325
0.466
0.480
0.385
0.482
0.488
0.469
0.484
0.452
0.485
0.483
0.480
0.489
0.486
0.475
0.454
0.485
0.485
0.471
0.446
0.489
0.485
0.453
0.439
0.490
0.487
0.486
0.426
0.491
0.483
0.484
0.410
0.488
0.484
0.489
0.397
0.488
0.487
0.485
0.474
0.485
0.486
0.498
0.355
0.497
0.485
0.485
0.391
0.490
0.483
0.487
0.397
0.492
0.454
0.485
0.383
0.491
0.483
0.420
0.475
0.486
0.484
0.485
0.383
0.490
0.484
0.343
0.381
0.376
0.360
0.358
0.375
0.489
0.483
0.485
0.399
0.492
0.485
0.486
0.388
0.494
0.492
0.487
0.470
0.446
0.490
0.485
0.385
0.490
0.486
0.485
0.476
0.473
0.486
0.483
0.390
0.493
0.486
0.486
0.382
0.360
0.358
0.360
0.446
0.486
0.485
0.486
0.383
0.444
0.474
0.485
0.466
0.484
0.489
0.484
0.450
0.487
0.469
0.485
0.443
0.488
0.484
0.484
0.456
0.489
0.484
0.486
0.450
0.488
0.484
0.485
0.453
0.490
0.485
0.484
0.450
0.487
0.484
0.485
0.492
0.486
0.486
0.484
0.489
0.484
0.453
0.489
0.451
0.488
0.485
0.484
0.453
0.486
0.384
0.503
0.468
0.484
0.484
0.484
0.453
0.490
0.486
0.484
0.453
0.486
0.486
0.487
0.460
0.487
0.380
0.491
0.461
0.489
0.484
0.483
0.460
0.487
0.348
0.495
0.457
0.484
0.486
0.483
0.455
0.486
0.402
0.490
0.466
0.487
0.490
0.484
0.382
0.492
0.485
0.483
0.464
0.485
0.486
0.486
0.462
0.486
0.483
0.484
0.470
0.484
0.487
0.388
0.466
0.485
0.472
0.487
0.463
0.484
0.487
0.484
0.467
0.485
0.483
0.485
0.471
0.489
0.490
0.483
0.469
0.488
0.487
0.486
0.464
0.485
0.485
0.483
0.468
0.488
0.483
0.483
0.472
0.487
0.483
0.486
0.470
0.486
0.446
0.487
0.488
0.484
0.489
0.483
0.489
0.484
0.483
0.484
0.496
0.483
0.486
0.484
0.489
0.485
0.464
0.487
0.474
0.489
0.487
0.497
0.481
0.484
0.485
0.485
0.479
0.483
0.447
0.488
0.493
0.482
0.453
0.386
0.476
0.488
0.485
0.485
0.482
0.485
0.484
0.483
0.483
0.485
0.486
0.483
0.483
0.497
0.484
0.485
0.479
0.484
0.488
0.485
0.485
0.482
0.488
0.485
0.487
0.485
0.487
0.484
0.469
0.487
0.460
0.410
0.484
0.384
0.488
0.485
0.360
0.358
0.359
0.358
0.495
0.483
0.484
0.489
0.484
0.485
0.485
0.490
0.486
0.487
0.486
0.488
0.484
0.483
0.484
0.490
0.491
0.485
0.487
0.489
0.464
0.487
0.464
0.488
0.486
0.483
0.485
0.491
0.486
0.483
0.484
0.494
0.488
0.484
0.487
0.491
0.484
0.484
0.484
0.492
0.491
0.486
0.483
0.489
0.483
0.467
0.486
0.493
0.492
0.485
0.487
0.491
0.485
0.490
0.469
0.482
0.386
0.489
0.486
0.463
0.492
0.484
0.483
0.450
0.491
0.484
0.486
0.443
0.491
0.488
0.488
0.427
0.491
0.468
0.485
0.413
0.490
0.485
0.482
0.406
0.495
0.484
0.487
0.397
0.392
0.493
0.480
0.391
0.446
0.490
0.385
0.407
0.490
0.484
0.484
0.388
0.495
0.485
0.483
0.382
0.491
0.484
0.486
0.359
0.358
0.359
0.358
0.467
0.485
0.484
0.485
0.361
0.498
0.484
0.483
0.452
0.485
0.359
0.360
0.360
0.358
0.326
0.327
0.380
0.482
0.478
0.478
0.484
0.490
0.482
0.486
0.383
0.490
0.489
0.482
0.467
0.486
0.485
0.487
0.387
0.494
0.483
0.484
0.441
0.494
0.470
0.487
0.387
0.491
0.491
0.486
0.447
0.488
0.484
0.486
0.452
0.488
0.484
0.433
0.450
0.494
0.484
0.486
0.446
0.488
0.484
0.485
0.447
0.489
0.485
0.486
0.450
0.486
0.457
0.474
0.451
0.491
0.486
0.381
0.452
0.491
0.483
0.485
0.454
0.485
0.498
0.481
0.448
0.488
0.484
0.486
0.452
0.491
0.465
0.487
0.453
0.486
0.487
0.484
0.453
0.486
0.485
0.484
0.456
0.485
0.485
0.486
0.457
0.485
0.484
0.472
0.455
0.469
0.387
0.490
0.457
0.487
0.488
0.386
0.460
0.489
0.486
0.484
0.462
0.490
0.485
0.354
0.314
0.354
0.359
0.359
0.460
0.485
0.485
0.484
0.463
0.389
0.359
0.361
0.361
0.361
0.360
0.359
0.459
0.362
0.365
0.322
0.460
0.374
0.451
0.478
0.459
0.486
0.487
0.484
0.464
0.490
0.487
0.484
0.466
0.486
0.486
0.483
0.446
0.486
0.467
0.486
0.467
0.487
0.488
0.485
0.467
0.490
0.488
0.484
0.447
0.487
0.444
0.487
0.471
0.487
0.489
0.485
0.465
0.485
0.484
0.483
0.472
0.494
0.486
0.484
0.472
0.485
0.458
0.488
0.476
0.485
0.485
0.483
0.490
0.485
0.480
0.484
0.472
0.452
0.490
0.486
0.478
0.485
0.451
0.487
0.474
0.486
0.493
0.483
0.480
0.485
0.486
0.484
0.477
0.495
0.483
0.486
0.483
0.483
0.485
0.484
0.493
0.488
0.485
0.485
0.488
0.485
0.489
0.484
0.489
0.490
0.470
0.487
0.476
0.485
0.453
0.490
0.483
0.488
0.485
0.488
0.480
0.485
0.484
0.487
0.483
0.461
0.485
0.483
0.445
0.478
0.489
0.487
0.458
0.490
0.488
0.485
0.448
0.486
0.484
0.485
0.450
0.493
0.484
0.485
0.450
0.494
0.461
0.489
0.456
0.487
0.483
0.484
0.489
0.352
0.493
0.486
0.489
0.489
0.486
0.483
0.489
0.487
0.484
0.488
0.385
0.335
0.357
0.359
0.487
0.523
0.542
0.527
0.528
0.528
0.618
0.478
0.490
0.484
0.490
0.485
0.493
0.485
0.486
0.484
0.498
0.485
0.486
0.484
0.491
0.488
0.485
0.484
0.494
0.486
0.486
0.477
0.444
0.486
0.485
0.483
0.490
0.452
0.486
0.485
0.446
0.493
0.492
0.484
0.384
0.491
0.449
0.490
0.447
0.490
0.486
0.484
0.445
0.487
0.489
0.486
0.451
0.496
0.486
0.487
0.454
0.485
0.485
0.483
0.452
0.487
0.486
0.484
0.490
0.487
0.485
0.484
0.491
0.491
0.440
0.487
0.488
0.484
0.487
0.485
0.491
0.485
0.486
0.486
0.456
0.486
0.487
0.485
0.457
0.492
0.484
0.489
0.455
0.489
0.498
0.477
0.453
0.489
0.486
0.488
0.463
0.486
0.483
0.486
0.459
0.492
0.355
0.496
0.461
0.490
0.485
0.485
0.491
0.485
0.489
0.487
0.492
0.486
0.486
0.485
0.489
0.490
0.487
0.484
0.490
0.485
0.483
0.484
0.491
0.487
0.457
0.482
0.462
0.486
0.484
0.484
0.465
0.493
0.388
0.378
0.465
0.485
0.485
0.484
0.461
0.489
0.484
0.486
0.467
0.487
0.492
0.485
0.465
0.491
0.486
0.484
0.469
0.485
0.487
0.491
0.492
0.488
0.447
0.490
0.490
0.488
0.487
0.484
0.493
0.489
0.444
0.487
0.491
0.485
0.484
0.486
0.490
0.484
0.484
0.485
0.490
0.492
0.487
0.483
0.490
0.490
0.466
0.484
0.474
0.488
0.487
0.485
0.463
0.485
0.487
0.486
0.475
0.486
0.437
0.475
0.479
0.492
0.455
0.374
0.478
0.485
0.485
0.487
0.482
0.487
0.483
0.485
0.477
0.486
0.451
0.360
0.481
0.490
0.483
0.486
0.481
0.485
0.487
0.484
0.482
0.487
0.484
0.485
0.487
0.483
0.487
0.484
0.489
0.489
0.460
0.486
0.455
0.484
0.485
0.511
0.363
0.362
0.359
0.360
0.485
0.484
0.488
0.489
0.486
0.454
0.489
0.491
0.484
0.483
0.491
