0.521
0.470
0.459
0.456
0.369
0.370
0.376
0.346
0.363
0.361
0.458
0.454
0.392
0.371
0.361
0.364
0.358
0.368
0.459
0.457
0.459
0.452
0.453
0.453
0.320
0.326
0.318
0.366
0.361
0.377
0.306
0.293
0.325
0.329
0.324
0.327
0.323
0.336
0.444
0.457
0.455
0.454
0.458
0.453
0.367
0.369
0.372
0.362
0.365
0.364
0.334
0.363
0.358
0.363
0.360
0.361
0.364
0.452
0.461
0.459
0.455
0.452
0.456
0.453
0.447
0.456
0.452
0.454
0.455
0.453
0.456
0.452
0.462
0.382
0.372
0.394
0.452
0.455
0.454
0.455
0.454
0.407
0.453
0.455
0.454
0.454
0.455
0.452
0.455
0.462
0.459
0.456
0.455
0.466
0.358
0.454
0.454
0.359
0.360
0.454
0.453
0.455
0.452
0.459
0.455
0.455
0.464
0.453
0.473
0.453
0.457
0.455
0.527
0.323
0.341
0.401
0.335
0.358
0.356
0.354
0.334
0.358
0.365
0.359
0.361
0.371
0.451
0.458
0.454
0.468
0.360
0.340
0.363
0.358
0.373
0.443
0.446
0.460
0.459
0.358
0.358
0.360
0.353
0.352
0.436
0.445
0.445
0.354
0.352
0.447
0.449
0.351
0.348
0.461
0.463
0.352
0.354
0.354
0.352
0.352
0.355
0.330
0.321
0.353
0.353
0.352
0.351
0.323
0.321
0.321
0.312
0.310
0.352
0.322
0.349
0.354
0.353
0.331
0.331
0.335
0.317
0.309
0.310
0.360
0.330
0.461
0.455
0.451
0.453
0.455
0.454
0.359
0.361
0.361
0.449
0.453
0.454
0.451
0.452
0.450
0.469
0.367
0.373
0.445
0.447
0.450
0.447
0.450
0.381
0.446
0.445
0.443
0.444
0.454
0.445
0.448
0.445
0.445
0.449
0.374
0.452
0.444
0.448
0.444
0.445
0.447
0.448
0.447
0.446
0.446
0.448
0.448
0.452
0.447
0.448
0.447
0.450
0.447
0.449
0.446
0.450
0.460
0.455
0.454
0.367
0.455
0.455
0.456
0.455
0.458
0.460
0.455
0.479
0.326
0.312
0.326
0.326
0.326
0.324
0.444
0.445
0.452
0.463
0.455
0.457
0.453
0.459
0.457
0.459
0.454
0.463
0.455
0.453
0.453
0.457
0.455
0.383
0.452
0.454
0.445
0.459
0.458
0.462
0.453
0.453
0.456
0.455
0.388
0.452
0.457
0.447
0.453
0.457
0.459
0.459
0.483
0.454
0.455
0.460
0.469
0.453
0.456
0.457
0.454
0.325
0.311
0.311
0.310
0.310
0.357
0.359
0.328
0.326
0.358
0.330
0.365
0.350
0.351
0.323
0.322
0.321
0.310
0.308
0.309
0.351
0.328
0.441
0.445
0.447
0.445
0.449
0.442
0.373
0.349
0.357
0.448
0.449
0.445
0.444
0.446
0.452
0.452
0.444
0.437
0.445
0.448
0.448
0.368
0.445
0.438
0.446
0.454
0.459
0.454
0.454
0.457
0.455
0.458
0.456
0.455
0.453
0.453
0.461
0.449
0.452
0.454
0.456
0.453
0.446
0.456
0.455
0.455
0.458
0.454
0.456
0.457
0.392
0.453
0.461
0.453
0.456
0.405
0.445
0.454
0.464
0.460
0.454
0.457
0.454
0.449
0.453
0.459
0.455
0.450
0.462
0.455
0.457
0.457
0.454
0.454
0.456
0.459
0.456
0.455
0.454
0.454
0.454
0.455
0.453
0.390
0.463
0.455
0.456
0.426
0.464
0.390
0.453
0.455
0.455
0.455
0.458
0.454
0.456
0.456
0.455
0.458
0.452
0.453
0.454
0.454
0.378
0.453
0.455
0.455
0.404
0.458
0.455
0.458
0.453
0.457
0.454
0.454
0.463
0.453
0.454
0.455
0.455
0.454
0.453
0.456
0.454
0.453
0.454
0.453
0.457
0.456
0.453
0.455
0.461
0.390
0.454
0.459
0.456
0.452
0.454
0.455
0.458
0.456
0.456
0.455
0.457
0.454
0.456
0.454
0.457
0.460
0.454
0.455
0.457
0.455
0.455
0.368
0.456
0.457
0.449
0.456
0.455
0.452
0.458
0.455
0.460
0.455
0.386
0.453
0.453
0.459
0.454
0.455
0.454
0.458
0.460
0.456
0.454
0.456
0.456
0.457
0.460
0.453
0.479
0.329
0.327
0.326
0.325
0.329
0.326
0.325
0.325
0.329
0.325
0.349
0.455
0.455
0.458
0.455
0.452
0.456
0.453
0.457
0.450
0.452
0.459
0.459
0.456
0.456
0.455
0.454
0.456
0.454
0.463
0.457
0.456
0.454
0.457
0.455
0.460
0.457
0.454
0.459
0.452
0.461
0.448
0.453
0.460
0.457
0.474
0.446
0.455
0.455
0.454
0.453
0.458
0.452
0.453
0.456
0.452
0.457
0.455
0.454
0.455
0.460
0.460
0.453
0.457
0.455
0.456
0.383
0.360
0.366
0.455
0.459
0.454
0.457
0.453
0.455
0.454
0.453
0.452
0.456
0.454
0.456
0.457
0.454
0.455
0.455
0.446
0.466
0.453
0.453
0.456
0.452
0.457
0.453
0.398
0.452
0.453
0.456
0.456
0.455
0.450
0.456
0.397
0.359
0.359
0.358
0.325
0.326
0.326
0.310
0.299
0.360
0.327
0.331
0.325
0.327
0.326
0.294
0.327
0.325
0.325
0.325
0.328
0.323
0.335
0.446
0.450
0.446
0.443
0.444
0.445
0.448
0.448
0.374
0.455
0.458
0.461
0.454
0.452
0.453
0.456
0.459
0.459
0.455
0.403
0.456
0.457
0.455
0.456
0.453
0.450
0.453
0.456
0.456
0.459
0.455
0.458
0.455
0.453
0.457
0.453
0.455
0.456
0.454
0.455
0.454
0.391
0.455
0.453
0.454
0.455
0.456
0.453
0.454
0.463
0.456
0.459
0.456
0.455
0.452
0.337
0.459
0.454
0.458
0.453
0.453
0.456
0.457
0.456
0.454
0.458
0.457
0.455
0.458
0.455
0.456
0.453
0.456
0.455
0.457
0.454
0.424
0.456
0.455
0.453
0.452
0.457
0.454
0.455
0.454
0.454
0.456
0.454
0.452
0.456
0.381
0.446
0.456
0.454
0.452
0.456
0.454
0.459
0.456
0.391
0.453
0.454
0.457
0.452
0.456
0.453
0.458
0.462
0.454
0.454
0.455
0.454
0.405
0.452
0.453
0.457
0.450
0.461
0.455
0.456
0.453
0.458
0.458
0.453
0.386
0.453
0.453
0.453
0.456
0.459
0.454
0.455
0.452
0.457
0.458
0.453
0.454
0.454
0.452
0.455
0.461
0.458
0.380
0.455
0.455
0.457
0.455
0.454
0.455
0.447
0.454
0.454
0.455
0.454
0.455
0.457
0.455
0.391
0.452
0.453
0.452
0.460
0.457
0.457
0.455
0.460
0.456
0.455
0.456
0.455
0.453
0.457
0.455
0.455
0.333
0.326
0.326
0.329
0.325
0.325
0.326
0.323
0.325
0.326
0.463
0.455
0.457
0.455
0.457
0.387
0.387
0.454
0.454
0.450
0.455
0.459
0.458
0.457
0.454
0.384
0.358
0.357
0.455
0.453
0.456
0.454
0.456
0.455
0.457
0.461
0.447
0.454
0.456
0.456
0.454
0.454
0.454
0.458
0.385
0.457
0.385
0.455
0.455
0.453
0.455
0.459
0.459
0.457
0.455
0.455
0.391
0.454
0.455
0.453
0.455
0.446
0.458
0.455
0.455
0.458
0.453
0.462
0.459
0.391
0.453
0.457
0.457
0.455
0.454
0.453
0.457
0.460
0.455
0.457
0.459
0.454
0.453
0.381
0.455
0.453
0.457
0.455
0.456
0.455
0.455
0.456
0.452
0.453
0.445
0.453
0.454
0.458
0.456
0.458
0.454
0.456
0.460
0.454
0.457
0.452
0.452
0.453
0.456
0.479
0.471
0.467
0.454
0.459
0.452
0.458
0.455
0.454
0.457
0.461
0.459
0.455
0.456
0.458
0.456
0.459
0.459
0.452
0.455
0.452
0.455
0.462
0.455
0.455
0.478
0.302
0.328
0.325
0.326
0.325
0.325
0.325
0.325
0.326
0.326
0.326
0.453
0.457
0.453
0.454
0.358
0.359
0.359
0.360
0.359
0.300
0.455
0.456
0.360
0.359
0.359
0.357
0.361
0.366
0.362
0.446
0.459
0.362
0.354
0.352
0.353
0.352
0.352
0.322
0.323
0.354
0.353
0.353
0.355
0.356
0.324
0.321
0.320
0.311
0.308
0.354
0.324
0.441
0.449
0.445
0.449
0.444
0.447
